8 2 2 8 9 5 8 2 9 4 3 T123 3 4 6 3 4 7 8 7 2 T92 2 5 T63 1 6 T10 5 3 5 5 2 4 6 6 T11 T812 4 7 2 6 9 T763 2 4 5 9 T662 F 4 7 1 9 2 1 9 7 7 6 7 9 2 5 3 4 3 8 T205 T19 T176 6 1 T123 T186 T11 9 7 F T367 T3 T264 7 9 8 7 5 T276 6 F 6 2 F T4 F 4 T5 T5 1 6 
4 5 7 4 F 8 T389 7 9 T143 2 2 6 8 F 1 T15 F 6 T324 T27 T196 3 5 1 F 7 4 6 5 T74 T18 1 7 5 4 T117 7 1 2 7 3 T28 4 7 1 T18 T137 2 7 9 8 T110 8 T33 7 6 9 7 T122 7 3 T468 4 2 4 1 T26 3 8 T55 6 2 T35 6 4 T197 T44 4 3 4 8 1 T23 8 3 4 8 8 8 6 T514 T254 1 F 8 T285 T841 T2 7 
T271 9 3 9 2 F 1 9 T122 1 4 T299 3 1 7 8 5 3 1 7 T56 1 7 7 4 8 6 4 9 F 3 1 1 5 5 6 8 6 2 9 T19 1 F 8 1 F T796 3 7 3 F 4 T453 6 T714 1 5 5 3 4 F 9 6 5 T44 2 1 4 2 3 8 5 F 9 8 T299 1 T15 T45 9 8 T355 F 6 4 T43 1 1 5 3 T274 8 4 1 T460 9 1 4 T74 1 
F F T675 F T313 6 T358 1 5 T52 F 6 5 6 8 3 3 3 4 6 T22 T397 7 T28 T598 T378 2 F F 6 7 T584 3 6 7 1 6 9 1 T280 3 1 F 1 T255 F 9 6 F 2 5 2 6 6 7 4 8 9 8 5 F 9 7 1 3 2 T342 8 T145 2 8 7 7 9 4 T33 5 4 7 5 2 1 8 5 1 F 2 7 2 8 4 T196 F 7 8 4 2 F 9 T471 
T79 F 1 4 8 F 3 2 F 5 6 9 F 1 1 2 4 6 T91 2 F 3 T329 5 T54 2 5 T45 T381 5 T64 F 8 T331 5 8 T89 7 4 7 7 T64 1 T243 T56 F 4 F T294 5 6 4 8 3 7 9 7 T34 3 F 1 6 2 3 3 5 F 5 2 5 9 1 8 4 8 3 9 4 1 F T279 8 F 8 2 F 4 3 T34 F 5 T27 7 4 7 F 2 8 F T210 
7 5 6 5 T505 2 3 9 7 4 9 2 9 T53 F 7 8 6 3 6 8 3 4 7 T116 3 8 7 2 2 3 F F T90 1 2 T55 2 2 8 7 1 7 8 T115 T167 T154 1 8 7 T461 1 8 4 1 3 4 6 F T88 4 T99 T96 8 2 F 4 1 3 T242 5 8 6 1 F 3 2 8 T655 5 7 9 T366 6 8 T646 T89 3 6 4 7 1 6 5 4 T829 2 F 5 2 
6 1 5 5 2 1 7 9 T112 9 F 8 4 2 1 1 5 5 4 6 4 8 5 T285 F 3 T135 F 6 T92 4 9 T106 3 7 F T725 9 7 1 9 T100 8 8 1 1 T229 8 8 T160 5 5 5 6 T66 9 6 T168 7 2 4 8 9 4 2 3 1 7 1 2 3 3 1 T373 F F 5 7 3 2 4 5 5 3 8 8 5 4 4 F T111 8 T65 8 1 8 5 5 3 1 
6 5 9 5 5 3 8 T146 9 9 1 T65 T174 9 9 3 1 9 9 T158 3 7 7 6 1 3 3 1 7 9 6 7 4 1 T160 3 7 7 F 2 1 5 4 T136 4 3 9 9 F T137 7 9 8 8 5 9 9 3 T81 6 1 T97 4 6 1 9 1 T272 6 8 F 9 9 3 1 5 6 6 6 1 6 8 6 8 5 4 8 1 6 6 2 4 T24 2 T71 3 8 7 6 8 
2 1 1 6 4 3 F 6 8 2 F 8 T438 3 T427 6 4 2 3 5 7 3 4 7 9 8 7 7 4 8 T405 2 2 7 T194 F 8 T302 T144 T215 7 2 9 3 1 9 4 5 T357 4 7 9 6 T396 9 6 6 1 6 T562 T474 6 3 1 T87 T440 7 T377 T165 F 3 8 4 8 3 3 9 7 5 T203 6 8 4 F T177 8 F 4 9 9 9 8 8 4 9 T806 9 4 5 9 
4 T731 7 T200 1 8 2 3 2 7 9 T212 5 3 5 6 T95 4 2 7 F F T141 5 T241 3 4 1 6 7 9 5 F T235 5 T510 1 9 F 2 T431 3 3 7 2 6 8 8 7 3 F 4 T91 T348 2 1 9 F 8 T104 2 4 5 3 9 9 F 1 7 1 2 T147 1 3 6 T346 4 5 F 8 4 4 3 8 2 7 F T238 F 5 T241 5 T9 T145 5 T408 4 8 5 8 
5 5 1 1 T324 7 T341 2 5 F 4 7 6 1 T605 5 9 T97 4 8 6 T159 T198 T425 1 1 9 1 2 T228 T110 9 4 5 6 T31 8 T742 4 T532 T822 1 4 T172 9 7 4 F 4 6 T252 5 4 4 8 7 5 T49 2 6 1 1 5 7 T240 4 2 2 T349 F 7 T511 2 6 7 5 4 3 2 3 4 1 6 7 6 5 9 5 T576 F 3 6 3 T543 9 1 9 T4 T377 9 
5 5 3 5 7 T254 1 8 T632 T251 3 4 9 5 9 F T840 T205 2 8 4 4 9 2 1 3 8 F 4 5 8 2 1 3 T201 6 8 9 4 1 5 7 T262 3 T102 1 2 3 7 9 2 T189 9 8 9 6 T202 T672 9 7 1 3 7 5 T212 6 T187 4 9 2 2 T14 4 5 6 2 3 1 F 4 4 3 4 T513 T551 T360 2 3 7 T168 8 8 3 9 8 1 8 8 5 7 
3 T217 9 1 4 4 5 8 2 7 T387 2 T197 3 5 F T413 4 F 4 4 8 1 9 3 4 6 5 6 1 T509 1 5 6 2 3 8 T1 5 3 T705 1 8 6 T837 7 5 7 2 7 9 1 8 T111 4 T760 8 6 T255 T443 5 5 1 4 3 8 9 T265 1 8 5 T765 9 7 3 5 5 6 T596 7 4 3 4 3 3 1 F T98 6 F 4 8 T51 1 6 F 3 1 F 2 
T118 9 T188 8 3 8 7 9 6 7 2 7 1 T476 8 1 8 T578 7 8 5 F 3 T60 1 T273 6 8 9 7 6 7 6 3 6 3 1 T532 4 9 4 4 T269 7 T250 T175 6 2 4 T228 7 1 4 T118 5 8 T644 8 3 4 2 T318 5 9 8 5 8 7 3 3 9 5 F 7 7 F 7 3 6 9 8 5 T52 T252 F F F 5 1 4 6 T174 2 F 7 5 6 4 3 4 
5 5 5 T585 1 T237 8 7 F F 3 3 8 F T270 8 9 F T242 9 9 F T144 T534 4 2 1 2 2 2 2 T167 2 T340 F F 4 7 F 5 T688 5 1 3 8 T129 9 5 8 1 T395 5 9 4 T229 5 T359 T515 9 8 2 1 T227 1 T239 4 9 9 5 9 T164 3 2 1 6 1 3 T453 6 1 5 4 F 2 6 5 1 7 T53 4 6 5 3 6 F 7 T25 6 8 5 
3 3 T157 F 2 8 6 3 1 2 3 2 9 T204 5 5 1 T718 9 4 5 7 9 F 4 2 2 T261 T317 5 6 9 5 T550 T461 7 8 F T412 6 9 F 3 T444 F 3 6 5 T776 5 T840 8 8 4 T236 2 2 5 T302 7 1 8 2 T298 5 8 T681 4 7 4 8 4 3 4 2 F 8 8 7 3 6 4 4 3 9 1 F 1 7 T574 9 T740 F 4 7 7 T301 9 1 1 
F 3 6 6 1 3 3 7 5 4 6 7 3 2 T707 4 8 7 7 7 F 8 9 1 9 2 T390 T120 T469 9 6 4 6 5 F 3 8 5 T187 T253 T492 F 6 4 1 T357 T149 3 7 7 T47 1 T266 6 6 4 3 1 9 1 4 2 1 4 4 3 5 T130 8 9 6 7 8 4 7 5 9 F 1 7 4 3 4 9 T370 T166 8 T195 5 2 T135 4 6 4 2 T280 T175 8 2 4 
2 1 4 T740 3 2 4 T301 3 T249 F T177 9 T217 9 F 7 F 3 4 6 2 4 T525 4 T157 2 8 7 T520 8 T552 5 2 3 4 6 F T718 T387 7 T259 4 6 8 7 5 1 6 F 7 6 3 7 T189 2 5 8 3 T442 T227 F 3 3 6 9 8 2 F F 3 7 6 F 3 9 2 1 5 4 9 9 2 T656 9 T389 F 7 3 6 8 9 5 6 2 8 9 F 4 6 
4 7 8 8 T745 T706 8 7 5 9 F T275 5 3 6 4 2 2 7 1 9 7 4 2 1 9 7 6 8 6 1 T277 4 9 7 2 2 T60 F 1 4 3 9 4 1 T793 6 T413 F 4 8 3 7 F F 7 T486 F 2 F 6 4 F 2 1 9 2 1 6 T764 9 F 2 7 3 3 6 8 7 5 1 2 6 6 T498 5 7 1 1 1 3 T148 9 T70 1 4 9 6 6 1 
4 T665 3 2 T138 1 1 7 6 7 1 2 6 4 T194 F 4 8 8 1 F 6 9 3 1 9 1 T844 2 1 4 3 6 9 T768 F 6 7 7 1 5 9 8 T590 F 1 T69 3 8 F 3 T210 7 3 4 F 7 8 7 5 3 2 T152 T134 T561 6 1 1 T264 3 4 2 F T338 4 6 5 4 8 3 2 2 2 4 5 2 3 F 2 T186 4 T430 3 5 T158 F 3 6 T803 2 
8 6 4 1 7 7 8 T645 F 6 7 8 6 5 7 7 T673 8 6 8 T759 8 4 1 4 4 1 9 T631 8 4 8 T283 F F 7 3 2 9 5 7 T32 5 5 7 9 3 T225 2 9 4 8 T61 3 6 T557 4 2 2 7 9 T310 T800 3 3 T477 9 T388 T543 1 4 9 8 7 9 6 T73 2 6 F T265 8 4 7 5 4 6 4 8 1 7 4 6 T844 7 F 4 5 8 6 
1 5 8 9 2 F 3 8 F 4 9 1 5 5 T475 T333 9 6 6 T410 8 F 4 1 T291 6 7 1 2 F 7 3 9 5 3 1 F 3 4 T494 8 4 T640 4 3 3 9 F 8 1 7 4 T807 7 1 3 3 T185 3 F T395 2 6 8 F 1 8 5 1 8 1 1 6 5 2 8 3 8 9 8 8 5 3 6 1 7 F 1 2 8 3 2 5 9 1 T42 T253 1 4 2 
7 T286 3 1 8 6 9 2 9 2 4 4 8 6 T545 6 4 5 2 5 F F 7 2 5 T321 T831 9 7 2 2 8 1 3 1 4 F 9 7 T409 6 2 7 4 7 8 1 F 4 F 7 5 3 F 5 1 4 8 T211 7 5 8 T430 7 8 T72 6 2 3 T142 5 5 T663 5 7 4 4 6 2 7 5 1 9 T100 T426 4 7 F 5 T511 T20 4 F T828 T128 2 T81 T40 2 5 
1 T796 5 9 1 9 T383 T662 4 2 7 1 5 F 8 8 6 1 5 7 T753 7 6 2 6 4 T359 T284 2 8 T195 4 T163 7 3 5 6 8 7 6 7 T308 T13 T245 9 2 T423 T29 4 4 T263 3 2 2 1 T114 T403 3 9 T337 T258 6 3 3 8 F 5 9 7 5 T392 T639 2 3 9 T165 7 3 3 9 2 F 5 6 9 7 6 T209 9 7 3 T159 2 1 2 5 6 8 F 9 
T813 F 8 F F 3 6 3 T617 3 F 3 4 6 T216 6 F 1 4 T634 1 2 3 T300 9 2 T788 4 T542 8 8 5 5 8 3 2 6 9 7 7 T239 6 T573 6 6 T835 9 5 4 4 F F 3 6 T522 6 8 1 6 1 T335 6 8 T846 3 4 T575 T394 1 3 3 7 6 3 8 3 5 9 8 1 T273 6 T320 3 F 2 2 4 F T54 T327 T90 7 5 5 7 5 5 4 4 
9 T335 7 F 3 8 6 2 4 9 4 T473 8 F 2 2 9 4 T634 9 T373 1 1 3 5 6 7 1 7 2 T438 4 F 4 4 7 9 9 2 3 2 T782 4 7 5 6 9 T581 2 4 T523 2 5 5 3 5 T452 T211 T310 2 T640 5 T657 1 1 3 8 T684 T434 T249 1 6 T198 2 7 F 8 9 7 1 1 8 4 2 8 5 5 3 9 7 8 3 6 4 3 6 9 F 5 3 
9 6 2 T630 T650 1 4 4 5 1 T400 6 7 T376 4 F 2 8 5 F 6 4 3 7 6 1 F 8 2 7 F 7 6 2 4 8 T327 1 8 4 6 4 9 1 T134 5 8 4 F 8 1 8 2 6 1 7 5 7 7 8 4 F 5 T462 2 8 6 3 4 F 4 T524 3 3 2 T202 3 4 4 2 T386 1 5 4 5 4 T366 9 5 F 7 6 1 1 5 9 T263 5 7 5 
F 8 F 1 6 F 9 T371 5 2 3 T155 6 1 9 T401 9 1 2 F 2 5 2 8 3 8 2 1 1 5 F 2 8 5 9 9 2 4 7 6 6 3 T224 T485 7 1 8 7 4 9 T714 F T243 T616 5 3 2 3 3 T618 2 8 F 4 8 5 8 8 5 8 T647 5 1 9 T95 5 T181 5 7 7 2 4 3 1 6 4 3 2 F 1 T522 2 5 6 5 2 F 9 T441 4 
T338 2 2 T512 2 F T505 4 2 9 T699 T385 1 6 4 5 3 8 1 T504 T312 8 2 8 T125 6 7 9 9 2 F 5 F 2 3 4 2 T214 8 T437 1 9 4 2 6 T550 2 3 2 T741 T68 4 9 9 2 T332 T572 8 T240 5 9 9 7 T313 8 1 T516 7 6 4 9 T367 9 T556 8 5 3 5 F T399 T465 5 F 7 5 1 5 8 5 F 6 5 6 1 8 F 2 7 F 3 
3 6 3 T733 2 T577 5 4 2 6 T649 3 2 F 1 9 8 3 5 5 T276 8 T480 7 5 4 2 5 2 9 5 6 2 6 T497 2 2 3 T450 6 2 1 9 5 6 1 4 T316 4 5 1 6 5 7 8 2 2 7 1 1 4 4 T404 T233 T271 5 1 8 1 8 T414 6 T128 2 6 8 T768 6 9 T277 2 3 7 3 3 4 8 2 2 9 4 T323 8 8 T43 F 1 8 T417 3 
7 3 6 F 6 5 7 9 T397 F 3 3 T292 2 3 F 6 4 F F 4 4 8 8 T331 9 8 T794 5 5 T454 3 T651 F 3 7 8 T318 4 T570 T215 5 9 4 T515 6 5 7 3 8 5 9 1 6 3 9 4 2 T608 T131 7 T281 2 5 T125 4 T20 T334 3 8 T633 7 6 9 9 3 3 7 7 3 8 F 1 8 7 4 6 4 2 8 1 T3 7 4 8 8 1 6 1 9 
5 2 7 4 T394 8 6 T408 9 9 F T398 6 6 T402 8 7 T508 1 9 7 4 2 8 T467 6 2 2 6 9 8 5 7 3 2 T272 6 T723 8 6 9 8 5 T383 5 2 6 F 7 4 F 6 T565 9 T294 4 T23 1 7 T374 3 F 4 4 5 7 3 T292 6 T319 7 4 T825 F 1 9 6 T626 T554 7 T686 2 6 T25 3 8 F 2 7 3 7 5 4 8 F 3 7 6 5 4 
7 1 2 3 6 5 9 5 9 6 T698 T326 7 T687 F T432 4 2 T561 7 9 T378 T416 6 4 2 8 3 3 T284 T606 9 4 2 F 3 5 9 1 7 2 1 T341 2 F 2 T291 T1 8 5 4 T661 2 3 T686 8 6 8 8 1 1 T129 1 7 6 4 9 8 3 8 7 4 4 6 2 1 2 T99 6 8 5 2 3 6 8 8 T191 4 3 T356 9 F 8 8 7 3 4 8 T142 2 
6 1 T358 F T578 T778 2 8 2 T801 8 7 T293 4 7 3 1 2 3 8 2 F 7 8 T351 6 6 1 1 T425 8 T384 2 T789 4 4 7 2 1 3 6 5 4 5 9 1 T432 4 3 4 7 F 1 T669 9 6 6 8 8 6 1 4 F F 4 5 3 8 8 6 4 F 3 8 5 T437 3 T235 8 F 7 F 2 2 T130 2 7 7 4 5 2 8 F T109 7 4 7 1 F F 
F T528 8 9 2 T444 2 1 9 3 1 8 7 8 9 6 1 3 5 2 4 8 4 T734 T424 F 6 7 6 2 5 3 3 F 7 1 T512 F 3 2 8 5 T94 3 4 T332 T206 7 4 2 F T466 6 9 T490 T721 9 4 T741 9 T76 T747 2 6 F 6 3 9 6 3 9 5 1 2 6 1 1 6 7 1 3 8 4 F 5 7 6 T203 T226 8 1 5 2 8 5 T204 F 5 T303 T529 
4 2 3 T431 F 1 T370 1 8 9 9 T610 1 9 8 6 T311 4 5 7 1 6 5 5 8 9 2 6 6 7 6 8 F 6 9 T326 8 7 7 8 4 1 T597 2 T321 T296 F 4 6 9 3 F 3 8 2 8 F 7 T216 6 T737 T774 F 4 4 1 8 3 1 F 1 2 9 8 T153 T350 5 F 1 T701 3 T309 8 8 7 T581 4 6 8 T148 5 1 7 3 2 7 5 T608 7 3 
2 5 F F 7 3 3 7 2 3 8 5 3 T568 1 T814 5 F 5 1 8 6 8 T700 3 2 F 6 F F 8 8 3 T396 6 T179 6 T610 T690 5 8 4 T450 2 3 1 T556 9 F 5 3 7 7 9 5 T764 2 5 5 T476 2 4 3 2 7 5 4 3 1 4 2 1 F T293 F 1 9 T150 6 1 8 9 2 4 8 6 7 T309 7 4 5 T61 3 T50 8 T270 4 2 7 2 
5 T457 5 7 8 T812 6 8 3 3 T496 7 2 T623 F 1 7 1 2 1 F 3 5 8 6 5 4 F 9 T728 4 1 4 T819 9 9 T192 1 3 7 1 9 1 2 8 3 T214 2 F 4 2 5 T454 7 6 8 1 F 7 3 1 4 6 T24 8 F 4 F 2 T653 T630 8 4 1 4 3 4 5 3 5 T466 8 T746 T669 5 T685 T50 5 6 T549 T84 3 5 F 1 9 4 2 T785 T222 
7 5 5 7 T800 T650 8 7 T786 4 2 T490 F 2 T477 3 5 T766 4 6 7 T381 T220 T393 2 T775 8 9 F 8 3 6 6 T182 F 4 T603 9 2 9 3 1 5 8 T334 8 8 7 T297 T660 1 8 3 2 9 5 5 6 5 5 9 7 8 6 3 8 7 8 F 1 1 T496 4 2 6 3 5 1 8 8 3 T674 2 6 F 6 T108 F 6 3 2 F 9 7 T404 6 2 5 5 F 
1 7 1 2 9 7 9 4 T625 5 8 F 1 T416 8 8 8 9 6 T441 5 5 8 4 5 F 5 T342 7 2 T619 5 5 1 T340 1 9 9 T103 F 6 6 F F F T783 9 T421 5 5 3 4 6 9 7 7 7 6 1 F 8 T508 5 8 1 4 4 T677 3 T402 6 8 7 6 T146 T426 T523 1 5 9 2 F T339 3 4 3 T599 F 6 T503 3 T282 7 7 T657 7 T347 F F T526 
3 T611 T536 2 T597 1 5 F T349 5 F 1 7 7 T410 6 5 T544 8 4 7 6 F 7 5 4 6 8 9 6 2 T827 7 3 T424 9 T362 7 1 4 T69 5 9 4 4 8 6 4 T688 1 T525 4 5 T493 F T499 6 5 9 4 1 2 T347 9 5 1 F 8 7 4 T609 T236 7 8 F 6 6 4 1 1 T350 3 4 5 9 3 7 5 9 T246 3 T753 5 1 3 F 1 F 4 5 
8 8 9 3 9 F 7 5 T502 9 8 1 F 5 6 T799 1 T12 1 6 6 7 1 5 T624 5 3 9 5 F 3 6 9 F 5 1 5 F 9 9 3 9 1 6 5 3 T380 4 4 9 6 T400 2 5 6 5 F F T267 4 8 1 F 4 F F T405 F 8 7 7 1 9 9 F 1 3 2 T136 T439 5 2 2 8 2 6 5 5 3 3 T609 3 4 F T339 4 5 T312 T112 7 
1 8 8 2 F T498 F F 6 2 F F T458 5 3 T712 4 9 5 6 1 5 2 F 4 T735 5 T77 7 9 9 F 4 7 6 F 7 7 T530 5 6 1 3 8 T758 3 2 7 6 1 7 3 8 1 9 5 8 F 4 7 F 2 T365 4 F 7 2 T655 6 T459 5 3 3 4 F 6 8 F 5 8 T766 6 1 2 F 9 3 5 3 2 5 T382 3 6 2 7 6 5 3 4 
9 4 3 1 7 8 6 1 F 2 T162 5 6 9 8 2 7 1 3 9 6 8 6 T545 3 8 F F 7 F 2 9 2 2 3 9 1 T7 8 F 2 T245 6 4 F 3 6 6 6 F 8 1 3 6 5 6 2 3 1 7 2 5 9 6 8 5 6 1 3 8 F T184 T393 3 1 T17 8 F T385 6 1 F 8 6 T37 3 4 T275 8 3 4 5 6 T288 3 4 6 3 1 8 
3 4 6 6 F 1 2 8 4 1 T257 9 6 2 5 4 9 7 2 2 5 F 1 7 2 3 3 T403 2 9 9 4 T713 2 T730 2 1 5 9 1 1 6 5 7 T680 T540 8 6 7 F T533 6 8 3 7 5 1 2 F 8 6 5 3 5 1 T553 T166 1 2 3 9 4 7 8 9 9 4 8 5 8 3 1 5 1 F 7 4 T9 1 T442 T548 2 1 1 8 9 F 1 3 6 
3 3 6 4 T93 1 5 5 9 8 3 3 9 T787 6 5 6 1 5 1 T345 F 4 T721 5 F 9 8 1 9 9 2 T258 9 4 3 F 7 2 T842 F T555 F 9 T448 3 2 1 5 7 F 2 2 8 5 5 5 T290 9 T346 2 1 3 3 5 7 6 9 5 8 F 9 9 F T732 T190 T42 T449 9 8 5 7 T311 F 6 7 2 3 8 6 9 7 1 6 F F 7 2 7 5 
5 6 6 6 8 T414 8 3 F 8 T421 5 T621 T155 5 8 4 T423 9 6 6 1 5 2 6 9 F 8 2 6 6 3 3 9 F 3 F 9 7 3 3 8 8 9 2 4 T623 6 6 T594 5 2 2 6 3 3 5 2 8 1 9 8 1 F 8 7 8 4 9 3 T470 3 F 1 9 T73 T184 8 1 9 8 1 9 2 4 5 4 8 3 8 6 8 2 9 3 3 2 8 T788 4 
4 5 4 5 5 4 2 1 7 T480 1 T729 3 9 1 3 F 2 7 1 7 1 3 1 F F T555 4 5 6 3 3 7 1 8 9 7 T213 1 F T39 T391 8 7 4 1 3 4 6 9 6 7 5 5 F T540 8 8 T491 4 F 1 F 6 1 T586 F T443 2 6 3 5 5 T98 T451 1 8 8 8 4 2 F F 9 5 1 2 T16 4 T563 8 T300 3 1 9 6 8 4 T486 F 
9 1 1 9 3 9 6 T580 1 8 5 F F T36 F T533 5 4 4 3 4 F 7 1 5 9 1 6 4 2 F 6 1 3 9 5 8 1 1 5 F 7 T551 9 T244 9 1 8 7 7 5 T330 T304 8 F 7 4 9 9 4 7 3 4 T121 9 F 8 6 2 3 T151 4 1 1 T298 3 T468 T585 6 T364 T96 9 3 T459 2 7 5 T238 8 T320 1 F 3 5 T101 6 8 7 9 T474 
T465 4 5 9 8 8 1 5 9 4 3 1 8 2 1 4 8 3 4 8 1 7 T574 1 2 6 1 2 T693 6 4 2 T296 F 8 F 6 3 6 5 2 8 2 7 3 5 T600 8 F T707 9 T604 9 9 4 T510 4 T530 1 1 F 5 5 1 T171 8 3 1 9 5 7 5 T17 2 4 7 1 1 6 F 3 1 8 2 3 7 7 8 2 8 T226 3 T147 7 T473 8 1 2 1 8 
6 T617 7 2 T546 T256 4 F 6 6 F T589 9 T554 5 2 3 T827 6 T629 F 9 1 7 T587 9 6 F 7 2 5 5 8 1 4 7 F 2 T560 5 T787 4 8 4 T738 5 F 6 T643 7 4 2 6 T460 T458 F 2 5 F 8 1 7 4 T673 2 4 T683 5 8 4 1 F F 1 F 6 4 3 F F 9 6 8 F 4 T494 1 8 3 T153 4 3 5 3 9 T319 8 F 2 2 
1 3 7 4 F 2 1 5 8 4 3 7 5 7 9 F 4 7 7 T535 T230 3 T234 8 T709 2 T541 6 T656 5 6 8 6 7 T352 5 5 9 9 1 3 5 4 T407 2 T105 F 9 5 T637 T248 T192 T78 T412 8 7 T62 3 2 6 3 9 F 7 8 T139 8 4 F T485 3 1 3 F 5 3 7 9 T305 1 F T723 3 T32 2 2 F 7 5 3 6 8 4 4 8 5 6 8 7 6 
1 7 4 7 3 F 1 F T725 8 6 T641 4 7 1 9 4 9 4 F 5 6 9 9 2 1 1 6 3 8 9 6 7 7 7 2 6 9 4 9 T784 6 2 5 3 7 F 2 T183 T316 8 F 7 9 6 2 T754 2 5 5 8 F 3 F 9 4 9 F 8 2 7 T475 T297 F 4 3 6 T365 5 5 8 5 5 F 3 5 8 5 6 9 4 7 T789 5 T504 4 2 7 6 6 
7 8 T119 3 5 7 8 2 4 9 5 T692 7 3 3 8 5 5 T711 6 T590 3 3 3 9 4 3 9 4 8 T652 T702 8 7 6 T828 3 4 9 3 1 5 4 1 4 T795 F 4 F 1 8 5 8 T717 T336 8 8 F T354 6 3 F 1 4 2 5 6 8 3 4 F T752 9 8 3 6 6 6 T625 8 6 1 T132 9 1 8 F 4 2 9 6 2 3 1 1 T376 1 3 T717 8 
1 8 3 3 6 2 9 5 9 8 5 4 1 3 5 2 F 5 T534 8 1 2 9 6 3 T602 8 7 6 8 F 6 T289 F 5 7 9 3 6 4 F 7 5 8 3 8 9 F 9 3 8 T636 5 3 5 F 7 9 9 8 1 7 F 2 9 T328 5 T667 7 2 T41 4 5 T575 9 8 6 F 9 F 6 1 9 1 1 5 T88 8 6 9 7 6 7 F 5 2 2 1 F 2 
4 3 T693 8 3 F T603 T456 2 1 9 5 4 8 F 7 8 8 9 8 2 F 2 4 T671 8 T658 5 5 3 7 3 1 4 1 6 7 4 6 5 T637 2 4 6 4 3 9 3 2 T744 6 5 3 T576 5 T501 3 8 7 T786 9 1 6 7 8 T499 2 1 2 6 F 1 6 1 7 T72 T30 T514 6 9 4 5 T594 9 3 1 5 6 T221 5 T82 F 3 6 T557 T281 9 T541 1 F 
8 9 9 6 T244 9 7 6 9 8 T620 4 T750 6 2 2 2 3 9 4 5 T519 3 8 F 8 4 T806 8 7 6 5 T94 3 2 2 2 1 F 3 7 7 2 T704 4 9 F 3 8 8 5 7 6 7 3 9 8 4 2 F 9 5 4 6 F T49 7 T616 3 T697 6 3 T14 8 9 T382 T627 7 T62 5 1 3 4 8 4 F 9 5 4 7 9 T351 5 8 T647 4 5 6 6 T82 
4 3 3 F 7 9 8 5 4 7 9 9 4 T344 3 T769 T379 1 9 4 4 T524 1 4 T161 T419 3 9 3 9 3 T353 7 5 T315 T602 8 1 2 9 3 8 6 T38 T221 3 3 F F 9 2 6 1 1 T834 5 8 5 T107 T513 8 6 4 8 7 7 8 9 2 3 6 9 6 4 7 F T337 3 2 6 7 7 6 F T626 3 9 9 6 7 5 F 7 1 3 5 4 3 5 6 
8 6 7 3 8 T119 9 F 6 T539 T538 T314 3 9 7 1 7 T507 2 3 7 F 6 F 1 4 8 2 3 2 4 8 T682 T152 4 4 2 F 6 1 1 4 9 2 1 3 8 6 1 3 9 1 4 F T86 9 5 T491 4 3 T738 2 T596 6 9 6 7 6 F 7 1 7 T663 5 9 T643 F 7 T572 3 5 9 6 F 5 5 3 T820 T143 T188 T388 4 7 2 3 9 6 T193 6 3 
8 T830 F T526 T67 8 T415 9 7 5 T646 4 1 5 T353 8 3 2 3 3 F 5 8 7 7 6 8 9 6 2 9 1 4 2 6 7 T268 T747 2 1 T675 5 7 2 6 8 T39 9 1 9 1 6 7 7 1 2 6 7 5 T785 7 9 3 8 5 9 F T355 5 4 T715 4 T672 5 7 2 7 9 7 8 6 T633 1 T251 4 T464 3 F 2 4 8 9 7 T591 T715 T495 6 5 T733 1 
3 3 5 T692 8 7 6 7 F T716 9 T599 9 8 7 7 3 9 5 6 7 8 T428 T838 T614 4 5 F F 7 F 8 3 F 1 4 2 4 8 8 2 4 T558 T811 F 2 9 1 1 1 F T653 4 3 3 9 1 2 T493 6 T16 F 9 5 2 9 2 1 4 9 3 5 F 4 2 F 6 F 3 8 7 F 6 T261 6 T401 8 2 6 3 3 4 5 9 1 1 4 7 9 8 
5 8 T518 5 2 F 9 1 T124 4 2 F T75 4 9 9 7 6 2 T627 7 F 5 T345 7 5 5 5 4 1 8 4 2 T150 F 5 5 F 6 8 5 8 9 1 3 5 6 9 2 6 T810 2 1 9 8 1 9 5 8 4 7 3 8 1 3 F 2 4 9 8 6 9 1 8 2 2 9 5 3 F 7 4 F 6 2 1 T354 6 9 6 5 7 9 F T780 9 7 1 2 5 
7 4 7 2 T12 T66 T670 T230 T791 5 4 1 8 7 T601 1 T151 6 8 1 3 9 8 4 T547 T703 T696 9 7 F 6 F F 9 T659 6 3 4 T636 8 7 6 7 T631 1 4 F 8 3 9 T611 9 6 5 8 9 8 4 6 6 F 1 6 3 7 9 9 7 6 T193 T552 4 9 F T79 6 9 6 4 8 6 T246 7 F 2 5 F T116 9 3 7 7 4 7 5 F T445 T127 2 1 
3 6 2 3 T588 8 2 8 F F 1 3 3 8 T563 3 T85 T139 F 3 F 5 T791 3 1 3 3 1 T638 7 8 4 8 9 9 F T703 9 4 2 9 2 1 3 1 7 7 7 3 6 4 2 6 8 3 1 T595 8 4 5 6 6 T739 6 4 3 1 F F 8 8 4 8 T436 T544 9 6 9 9 T790 T411 F 2 2 8 T605 9 F F 7 2 9 3 T451 3 T701 3 8 5 1 
5 8 1 8 3 9 9 4 F 7 5 1 F 1 T584 1 3 T732 3 4 9 4 6 T615 7 T562 9 1 1 6 4 4 T131 1 T598 5 9 4 2 F 7 3 3 2 4 T751 F 1 3 T307 1 9 F 9 8 8 1 1 4 9 6 3 4 2 6 9 3 5 8 5 9 5 3 9 8 T140 T479 7 T283 9 T420 7 T126 6 2 T729 4 1 5 5 T781 4 2 4 5 2 6 1 T439 1 
5 T825 F 9 2 T527 T696 T689 6 7 F 4 T745 8 T343 1 6 1 7 4 T178 1 5 8 2 T126 6 T700 7 3 1 T127 8 1 T802 3 T445 2 9 T667 7 1 T434 9 6 9 7 3 6 F 8 4 9 9 9 F T269 F 2 8 F 9 F 6 T838 2 F 1 2 3 F T521 2 5 5 9 3 7 5 T742 T156 F F F 4 2 3 7 5 T86 T6 6 T577 2 8 4 5 7 1 5 
F 4 6 9 2 2 6 7 5 6 6 6 9 9 7 2 3 5 T641 1 5 4 3 8 7 6 6 9 T711 7 6 T792 7 8 T677 F 5 5 3 3 8 3 3 5 7 8 2 F 9 1 3 5 4 5 F 6 8 5 6 1 1 F 8 T651 T689 9 6 2 3 7 5 F 2 T705 5 8 9 T429 F 7 4 9 T333 1 9 1 2 4 9 9 6 T108 4 T565 5 9 T462 5 6 2 
7 4 6 2 2 7 8 7 T671 7 2 T783 T683 7 T455 4 8 9 2 6 2 6 2 4 1 F 9 4 6 1 7 2 7 T810 3 T722 3 1 8 T132 7 T607 3 3 2 8 T652 7 5 T676 3 2 T681 8 6 1 1 T736 T140 9 5 5 T290 8 F 5 7 1 6 5 T386 5 F 7 7 2 9 7 9 6 1 9 T436 4 3 2 4 9 9 T171 T117 8 6 3 7 5 T528 9 8 2 
1 1 8 5 5 3 9 3 5 F 6 5 7 1 2 F 2 8 2 8 9 F 8 8 3 T666 9 T832 4 3 8 1 T780 7 F 4 7 4 7 1 T654 T163 5 8 7 8 T200 2 6 T759 T330 F 6 T329 6 3 F 5 T287 2 9 T287 4 4 1 1 F 1 8 T141 4 5 2 5 6 F 7 4 8 9 1 5 2 8 7 2 7 9 8 T161 2 8 T760 1 4 T674 3 2 8 7 
9 F 6 1 5 9 T57 9 1 7 9 3 8 5 T642 7 T219 9 F F F F 3 7 1 7 T8 6 T170 T546 8 2 7 4 T767 2 3 4 8 F 5 T305 5 F 3 3 4 1 5 7 2 7 T231 6 T757 1 7 2 1 6 2 T115 T336 6 F F 2 T463 T449 3 5 6 4 8 7 3 4 4 7 T101 2 5 9 T467 8 4 6 7 1 F T22 T619 F 8 5 T225 1 T348 8 4 
T645 8 T799 3 9 6 8 4 4 T527 1 5 T758 F 7 8 7 T604 8 1 7 T726 4 T699 T628 7 8 3 1 4 8 8 3 6 9 F 8 1 3 T615 3 7 9 9 2 T751 F 9 F F 8 2 3 F 8 8 3 5 6 5 T85 F 3 2 4 F 6 6 T503 3 F T384 6 7 5 1 8 6 T495 4 3 5 8 6 T440 7 2 5 9 8 T471 3 T120 4 5 7 8 9 1 7 
T668 9 5 4 7 6 6 8 1 1 2 T632 5 F 6 5 T837 5 2 5 1 9 T821 8 4 5 9 8 F 5 9 T35 9 7 4 F F 3 5 2 1 9 1 2 1 9 5 1 1 3 4 8 T489 F T589 3 5 8 9 9 9 3 F 1 4 7 3 T591 7 F 9 4 5 7 1 2 2 7 2 8 5 T482 T727 2 7 2 F 2 1 4 2 T559 T274 T375 8 2 6 5 6 4 
6 4 2 5 7 7 8 4 T779 F 9 1 T391 T481 4 7 T190 9 3 1 3 T325 T379 6 1 9 2 6 3 5 T479 T547 4 8 8 5 1 9 3 1 1 6 1 8 8 1 7 2 3 7 1 3 2 8 4 1 2 T761 F 3 7 T770 9 T580 5 T492 T706 4 3 4 T564 8 T369 6 3 4 2 9 7 6 T172 F 8 T37 7 F 3 F 8 7 7 2 F 8 5 T685 1 2 9 T607 
1 5 T661 5 5 2 F 9 F 9 3 3 8 1 6 F 6 6 F F 7 3 1 2 1 8 T489 2 5 6 4 2 F 4 F 5 7 8 8 T208 F 8 7 T278 6 9 F 8 4 2 1 8 F T843 F T411 2 1 3 7 4 3 9 9 F 2 9 1 T507 1 F 5 3 T114 T509 8 5 2 T679 1 1 5 5 T106 5 6 3 T109 8 7 6 F T48 T469 T497 8 8 4 8 8 
F 2 8 T368 1 F 5 2 9 1 8 7 2 1 4 9 3 3 1 8 T369 9 F 9 2 8 2 5 1 6 T648 6 2 F 1 7 4 T288 F 6 7 9 6 3 6 T317 7 T582 4 2 4 3 9 T658 6 T690 T694 F 2 5 F T798 2 6 9 7 8 3 2 5 1 6 7 F 6 T452 1 1 2 5 9 5 4 2 7 T201 8 6 5 1 7 8 3 5 T87 8 5 T26 3 3 
4 T360 T719 F F 7 T587 8 F 5 3 8 6 1 5 2 4 T744 4 T352 T654 T666 5 7 T6 2 6 T361 6 6 1 T181 2 2 8 T500 F 5 8 6 7 4 7 9 6 1 5 F 2 8 1 8 6 4 F 3 1 T676 8 5 4 4 1 F 8 4 6 F T80 1 6 T698 4 2 7 T684 9 8 4 F F 6 8 2 T262 8 T282 2 8 T542 F T531 2 6 3 6 3 1 F 8 
4 5 T771 8 9 5 F T755 T819 T343 5 5 1 T665 T762 5 9 1 3 2 6 7 9 7 3 T446 3 7 2 3 T170 4 7 9 T325 T775 T710 2 9 1 T314 6 5 4 2 3 9 F 7 5 T571 9 2 4 7 T268 5 F 1 7 2 2 3 2 9 1 T75 6 4 1 T435 T133 6 6 T804 T620 T232 4 8 9 3 4 1 3 9 9 6 8 9 3 8 6 2 8 1 5 1 4 T149 3 
8 T814 7 6 F 1 9 7 3 5 8 9 5 T815 5 4 F 5 F 6 9 2 3 7 6 4 1 1 4 4 5 6 2 4 7 T68 T624 F 6 7 8 7 5 T803 6 F 6 6 7 1 7 3 1 8 7 T260 1 T521 1 4 T164 7 6 7 4 T328 7 9 5 9 5 T558 4 T209 F 2 7 3 1 1 7 5 2 7 6 T549 F 6 F 7 5 2 2 7 1 2 9 T173 5 F 
9 2 7 T687 3 T487 4 6 6 7 8 2 F 4 3 7 3 2 F F 3 4 1 T777 4 1 2 T778 9 6 9 3 9 1 7 7 7 5 8 1 6 7 3 4 3 4 3 T734 5 F 1 6 5 3 5 F T80 4 9 9 T103 T770 5 7 F 5 F 4 T613 6 T704 9 T821 5 6 T483 9 9 8 2 3 9 5 9 T233 8 T743 6 7 3 T418 T670 1 8 3 7 T756 1 8 T420 
F 7 F 9 T635 6 F 3 7 5 F 8 T58 9 9 2 8 2 7 1 T816 4 T622 8 3 2 5 8 1 9 7 5 9 5 F T483 4 9 7 2 6 T392 5 8 T93 5 1 9 6 3 8 9 6 5 5 9 8 7 F 8 2 9 8 F 6 T259 9 5 7 F T41 3 9 3 5 T845 T569 5 T537 5 8 3 T846 2 6 2 T107 T13 5 4 8 F 3 6 1 5 1 7 T250 1 
8 5 1 7 5 1 7 3 4 F 8 2 4 8 8 6 9 1 8 T774 1 T834 7 8 2 8 6 T463 2 7 T724 6 3 8 2 3 2 2 3 T559 8 8 8 T811 T817 7 8 6 3 F 5 T720 F 3 T820 8 3 1 9 1 3 1 T372 4 4 9 3 3 7 T30 3 F 5 5 4 T757 5 T185 T618 T841 5 6 2 6 5 9 1 6 5 8 9 T730 T826 2 T638 5 8 1 7 T417 
2 7 T817 5 7 4 2 5 3 1 6 8 4 3 6 1 T782 9 T162 4 9 3 9 T726 7 6 F 9 1 7 7 6 T199 9 F 9 2 5 8 2 1 4 T488 8 7 4 7 3 5 4 4 6 3 T308 2 T21 T70 F 4 3 9 6 F 7 4 8 7 T374 2 7 8 4 F 2 7 8 T792 7 9 T566 5 T40 T628 T762 7 2 T808 3 1 8 8 6 4 6 7 1 5 7 4 5 
4 T823 6 T102 2 3 F 6 1 4 T648 T801 F 1 2 T601 4 4 9 6 5 6 2 T832 T807 7 2 3 7 F 9 T737 T722 5 T614 5 2 7 9 T802 T506 1 F 1 9 4 9 3 9 F 6 F 2 5 6 5 2 1 T380 T419 F 2 F 1 1 8 9 T237 2 1 3 1 1 3 3 1 1 7 2 9 F 1 T322 3 2 2 F 8 T595 9 2 7 8 7 3 3 5 7 8 3 
6 2 5 2 9 4 3 8 4 4 9 9 3 F T678 2 2 1 F 8 9 T506 8 8 1 4 T472 1 9 T84 1 6 9 7 T728 5 8 5 1 F T363 T156 T267 F 6 T517 F 8 1 7 8 F 9 9 T702 T67 8 4 4 7 F 1 4 2 6 6 9 4 2 F 7 F 9 1 5 F 7 7 5 1 2 T629 7 F 4 6 9 6 5 T694 T593 8 8 5 T31 6 7 3 1 F 
6 4 T708 3 8 7 9 T83 1 3 9 7 5 1 8 7 6 5 1 6 8 9 9 9 3 F 4 2 2 8 6 9 5 4 1 7 F 2 6 1 8 3 4 6 7 T772 4 T756 6 T409 6 4 6 4 2 2 T809 9 T121 F 7 1 7 1 3 7 1 3 5 F 4 F 9 2 1 1 2 T818 3 F 5 F 3 7 F 8 F 7 T836 6 T279 T344 F 7 3 2 3 8 9 5 
3 9 T823 T708 7 T777 T231 1 T749 7 2 T398 T537 2 9 5 F 9 2 3 T519 1 T77 9 3 T29 T482 1 4 F 4 4 T448 F 9 6 T835 T795 6 2 3 9 T839 6 8 T208 9 2 6 T697 9 7 7 6 3 8 2 T133 1 3 3 F 7 7 5 7 7 T372 6 3 T804 5 6 4 T606 2 3 1 T63 F 7 5 1 6 4 1 6 6 T248 9 8 5 8 F 3 T593 F 7 6 5 
5 9 F F 1 3 6 3 F 6 2 8 5 F 2 9 7 9 T579 5 5 7 2 7 5 2 1 T767 7 T78 2 T289 T104 3 8 T539 4 7 6 F T538 5 1 9 3 9 7 T797 4 7 8 4 8 1 2 5 6 7 4 T464 T746 8 6 9 5 2 T600 4 9 3 4 1 9 2 T679 T219 2 4 2 2 F 8 3 T622 5 8 T173 9 F 6 T754 1 5 1 6 7 F 4 6 F 
2 T390 6 1 9 6 7 1 6 2 2 7 T58 4 3 3 7 2 7 F T809 8 1 8 F 1 8 1 T695 T213 3 F 6 6 1 T736 5 4 5 4 F 4 T763 F 8 1 5 5 T76 5 8 4 7 4 3 2 4 5 F F 8 1 2 3 9 6 8 6 T564 6 T553 4 F 3 2 F F 7 9 7 2 6 3 T472 T516 6 7 2 9 1 7 1 7 T470 9 3 T223 F T531 F 
6 T295 1 T798 2 T748 2 9 8 T36 8 7 1 T303 1 F 1 5 8 7 5 2 9 3 5 9 T59 8 1 3 3 T422 T428 2 9 1 7 5 8 4 8 3 T520 4 1 8 3 5 5 3 5 1 2 F 8 8 6 7 9 T323 2 F 1 1 4 3 3 T536 T10 9 T765 3 8 F 6 4 6 7 4 T755 1 6 8 3 5 7 F 4 5 3 5 8 9 1 F 2 4 F T176 8 
8 F 7 6 6 T46 5 T138 9 7 2 7 T816 T567 8 9 T361 4 7 3 7 4 5 2 3 7 5 1 9 7 9 9 7 T678 4 F T222 3 8 4 7 7 1 T295 2 5 4 3 1 F 1 2 3 2 3 1 2 1 8 8 2 F T752 F 2 1 6 5 9 9 3 5 F T613 4 1 4 7 3 8 9 3 T831 6 1 9 T457 2 5 5 3 4 7 8 6 1 F 9 5 7 
7 3 7 1 4 5 5 2 5 T773 1 5 T776 3 3 T784 1 6 F 2 F T621 7 8 T710 T47 6 T446 1 1 3 4 9 T180 T363 4 2 2 3 6 6 9 4 9 4 F 1 4 4 3 T48 3 2 T582 F 1 6 T315 2 4 5 2 3 T362 T769 6 7 4 3 5 5 9 T38 5 6 7 9 8 1 2 2 7 T429 F 8 2 3 2 6 F T727 8 6 3 3 3 5 2 T257 6 
3 T612 6 9 2 9 2 7 4 6 F 8 T691 F 7 F 1 T771 9 2 7 T59 F 7 T322 F 1 2 2 4 F 5 4 4 T407 T191 T833 3 4 3 5 3 T8 3 1 4 1 2 2 8 6 T307 6 4 T124 F 1 F T488 T805 T435 6 9 4 4 T781 4 5 F 2 9 T422 4 8 6 3 3 2 6 5 4 T247 2 7 T447 6 7 7 3 T644 7 1 3 5 4 6 9 9 3 3 
6 6 8 8 1 T794 T456 1 8 3 T836 T797 2 F 4 1 2 8 T169 F F 4 4 F 8 1 2 7 T805 T571 6 2 T447 4 T824 7 T183 T843 6 4 9 8 6 6 3 8 8 F 9 5 T642 F 4 9 9 2 2 3 9 5 6 4 3 F 3 5 8 9 4 6 1 9 9 2 1 4 8 5 2 6 6 T433 2 2 4 T680 7 1 9 7 1 6 9 8 7 3 4 6 5 5 
F 3 9 7 5 T517 8 3 6 8 9 2 8 9 T815 7 1 T659 6 5 4 4 2 1 7 1 9 8 T649 T220 T668 8 9 2 6 5 5 6 T234 2 5 5 T573 9 2 T501 T808 7 3 4 5 7 T71 8 3 F 6 8 9 1 1 8 3 T207 6 6 6 T371 4 4 3 6 T724 7 F 6 8 5 T2 5 7 3 T664 T487 2 2 8 3 6 F 4 8 F 1 F 7 4 F T639 4 
6 9 9 7 8 5 3 T818 6 6 1 3 2 5 6 7 T691 5 3 6 8 6 7 7 2 6 F T586 9 5 6 F T518 2 4 T179 F F 1 2 T773 T813 F 9 7 8 7 2 4 F 3 6 7 F 5 1 7 5 T735 6 9 F 5 8 3 F 1 3 2 5 6 3 6 9 5 1 2 3 8 7 7 8 7 8 F 9 4 1 7 7 7 T7 8 3 9 8 1 8 2 T502 
3 5 4 1 T266 8 T568 4 5 3 1 F T845 F 3 7 T772 4 T709 5 4 2 7 2 3 4 1 T839 5 T664 1 9 T368 T569 1 F 9 9 F 8 9 9 7 3 9 1 8 5 6 F 1 3 F 1 1 2 7 2 5 6 5 8 2 2 9 9 T232 T218 T566 1 3 8 3 8 9 1 3 T169 6 F 7 F 7 9 5 T583 T682 F 9 7 F F T375 6 1 2 T356 1 6 1 
1 7 1 1 6 1 T113 9 T113 T406 7 6 T824 T720 T750 7 T406 9 5 9 4 T842 4 8 3 T286 T790 T481 F 2 7 T570 9 9 T180 F 1 T779 7 9 7 F 8 2 1 4 8 F T579 9 T712 6 2 2 2 6 3 5 4 5 6 5 9 8 3 4 6 8 8 8 9 T761 9 8 2 9 T731 1 T529 8 T713 2 8 7 7 2 T223 F 6 9 7 T793 6 F 9 3 5 3 8 6 
T822 2 F 6 8 8 T83 F 3 3 T748 T478 F 1 T478 2 T304 1 T719 T535 T749 9 T433 5 T306 2 F 2 7 6 T592 7 9 3 4 F 6 T592 F T830 T182 5 2 2 6 5 7 4 T500 5 3 9 5 8 5 7 6 6 F 2 2 5 3 7 2 3 2 8 4 5 T418 7 5 2 8 8 1 4 T583 1 3 2 T247 2 1 8 3 2 4 2 1 7 2 T826 7 1 1 1 2 8 
T829 8 5 1 T57 F 6 3 9 T455 2 3 1 F 4 9 4 7 8 5 1 3 3 T256 1 9 T695 6 7 T178 3 5 3 1 T207 F 6 4 6 2 2 T484 3 7 9 7 F 1 4 5 T399 7 4 6 6 7 T364 3 9 6 5 1 1 F 5 T833 F 3 3 9 T46 2 1 4 T660 2 1 T743 1 4 6 4 T224 T306 5 9 2 9 8 T560 3 1 T716 2 9 4 1 9 7 4 
F T567 T635 4 4 5 5 4 T154 3 1 2 7 7 7 3 7 3 3 8 5 4 8 T588 5 1 3 T415 1 6 2 5 5 4 T218 T21 9 F 6 9 5 6 T105 T278 4 3 T427 8 4 7 F 4 1 8 2 3 2 2 9 T199 6 9 5 8 9 F 8 T51 5 F 4 3 F 9 1 8 T548 9 T612 7 T206 2 1 T260 9 5 F 4 5 6 9 6 T484 7 F 5 3 T739 7 F 
